-0.63919,-0.62747,-0.58571,-0.60842,-0.63040,-0.89634,0.18718,1.50000,-0.11026,-1.43480,-1.39084,-1.10000,-0.85092,-0.67436,-0.59084,-0.59744,-0.60842,-0.61282,-0.62747,-0.61575,-0.42527,-0.25678,-0.10879,0.00842,0.01722
-0.63919,-0.62747,-0.58571,-0.60842,-0.63040,-0.89634,0.18718,1.50000,-0.11026,-1.43480,-1.39084,-1.10000,-0.85092,-0.67436,-0.59084,-0.59744,-0.60842,-0.61282,-0.62747,-0.61575,-0.42527,-0.25678,-0.10879,0.00842,0.01722
-0.63919,-0.62747,-0.58571,-0.60842,-0.63040,-0.89634,0.18718,1.50000,-0.11026,-1.43480,-1.39084,-1.10000,-0.85092,-0.67436,-0.59084,-0.59744,-0.60842,-0.61282,-0.62747,-0.61575,-0.42527,-0.25678,-0.10879,0.00842,0.01722
-0.63919,-0.62747,-0.58571,-0.60842,-0.63040,-0.89634,0.18718,1.50000,-0.11026,-1.43480,-1.39084,-1.10000,-0.85092,-0.67436,-0.59084,-0.59744,-0.60842,-0.61282,-0.62747,-0.61575,-0.42527,-0.25678,-0.10879,0.00842,0.01722
0.00330,-0.06410,-0.26850,-0.46630,-0.60989,-0.63919,-0.62747,-0.58498,-0.53297,-0.56300,-0.61429,-0.63919,-0.61575,-0.57766,-0.60330,-0.60842,-0.59670,-0.62161,-0.61575,-0.58352,-0.60842,-0.59524,-0.61282,-0.61795,-0.61575
0.00330,-0.06410,-0.26850,-0.46630,-0.60989,-0.63919,-0.62747,-0.58498,-0.53297,-0.56300,-0.61429,-0.63919,-0.61575,-0.57766,-0.60330,-0.60842,-0.59670,-0.62161,-0.61575,-0.58352,-0.60842,-0.59524,-0.61282,-0.61795,-0.61575
0.00330,-0.06410,-0.26850,-0.46630,-0.60989,-0.63919,-0.62747,-0.58498,-0.53297,-0.56300,-0.61429,-0.63919,-0.61575,-0.57766,-0.60330,-0.60842,-0.59670,-0.62161,-0.61575,-0.58352,-0.60842,-0.59524,-0.61282,-0.61795,-0.61575
0.00330,-0.06410,-0.26850,-0.46630,-0.60989,-0.63919,-0.62747,-0.58498,-0.53297,-0.56300,-0.61429,-0.63919,-0.61575,-0.57766,-0.60330,-0.60842,-0.59670,-0.62161,-0.61575,-0.58352,-0.60842,-0.59524,-0.61282,-0.61795,-0.61575
0.00330,-0.06410,-0.26850,-0.46630,-0.60989,-0.63919,-0.62747,-0.58498,-0.53297,-0.56300,-0.61429,-0.63919,-0.61575,-0.57766,-0.60330,-0.60842,-0.59670,-0.62161,-0.61575,-0.58352,-0.60842,-0.59524,-0.61282,-0.61795,-0.61575
0.00330,-0.06410,-0.26850,-0.46630,-0.60989,-0.63919,-0.62747,-0.58498,-0.53297,-0.56300,-0.61429,-0.63919,-0.61575,-0.57766,-0.60330,-0.60842,-0.59670,-0.62161,-0.61575,-0.58352,-0.60842,-0.59524,-0.61282,-0.61795,-0.61575
0.00330,-0.06410,-0.26850,-0.46630,-0.60989,-0.63919,-0.62747,-0.58498,-0.53297,-0.56300,-0.61429,-0.63919,-0.61575,-0.57766,-0.60330,-0.60842,-0.59670,-0.62161,-0.61575,-0.58352,-0.60842,-0.59524,-0.61282,-0.61795,-0.61575
0.00330,-0.06410,-0.26850,-0.46630,-0.60989,-0.63919,-0.62747,-0.58498,-0.53297,-0.56300,-0.61429,-0.63919,-0.61575,-0.57766,-0.60330,-0.60842,-0.59670,-0.62161,-0.61575,-0.58352,-0.60842,-0.59524,-0.61282,-0.61795,-0.61575
0.00330,-0.06410,-0.26850,-0.46630,-0.60989,-0.63919,-0.62747,-0.58498,-0.53297,-0.56300,-0.61429,-0.63919,-0.61575,-0.57766,-0.60330,-0.60842,-0.59670,-0.62161,-0.61575,-0.58352,-0.60842,-0.59524,-0.61282,-0.61795,-0.61575
0.00330,-0.06410,-0.26850,-0.46630,-0.60989,-0.63919,-0.62747,-0.58498,-0.53297,-0.56300,-0.61429,-0.63919,-0.61575,-0.57766,-0.60330,-0.60842,-0.59670,-0.62161,-0.61575,-0.58352,-0.60842,-0.59524,-0.61282,-0.61795,-0.61575
0.00330,-0.06410,-0.26850,-0.46630,-0.60989,-0.63919,-0.62747,-0.58498,-0.53297,-0.56300,-0.61429,-0.63919,-0.61575,-0.57766,-0.60330,-0.60842,-0.59670,-0.62161,-0.61575,-0.58352,-0.60842,-0.59524,-0.61282,-0.61795,-0.61575
0.00330,-0.06410,-0.26850,-0.46630,-0.60989,-0.63919,-0.62747,-0.58498,-0.53297,-0.56300,-0.61429,-0.63919,-0.61575,-0.57766,-0.60330,-0.60842,-0.59670,-0.62161,-0.61575,-0.58352,-0.60842,-0.59524,-0.61282,-0.61795,-0.61575
0.00330,-0.06410,-0.26850,-0.46630,-0.60989,-0.63919,-0.62747,-0.58498,-0.53297,-0.56300,-0.61429,-0.63919,-0.61575,-0.57766,-0.60330,-0.60842,-0.59670,-0.62161,-0.61575,-0.58352,-0.60842,-0.59524,-0.61282,-0.61795,-0.61575
-0.57399,-0.59670,-0.59670,-0.60989,-0.43993,-0.18205,-0.01062,-0.01648,-0.22747,-0.57912,-0.63919,-0.63333,-0.59524,-0.57766,-0.63187,-0.90586,0.15788,1.50000,-0.09341,-1.41355,-1.40403,-1.09267,-0.87363,-0.66337,-0.57766
-0.57399,-0.59670,-0.59670,-0.60989,-0.43993,-0.18205,-0.01062,-0.01648,-0.22747,-0.57912,-0.63919,-0.63333,-0.59524,-0.57766,-0.63187,-0.90586,0.15788,1.50000,-0.09341,-1.41355,-1.40403,-1.09267,-0.87363,-0.66337,-0.57766
-0.57399,-0.59670,-0.59670,-0.60989,-0.43993,-0.18205,-0.01062,-0.01648,-0.22747,-0.57912,-0.63919,-0.63333,-0.59524,-0.57766,-0.63187,-0.90586,0.15788,1.50000,-0.09341,-1.41355,-1.40403,-1.09267,-0.87363,-0.66337,-0.57766
-0.57399,-0.59670,-0.59670,-0.60989,-0.43993,-0.18205,-0.01062,-0.01648,-0.22747,-0.57912,-0.63919,-0.63333,-0.59524,-0.57766,-0.63187,-0.90586,0.15788,1.50000,-0.09341,-1.41355,-1.40403,-1.09267,-0.87363,-0.66337,-0.57766
-0.57399,-0.59670,-0.59670,-0.60989,-0.43993,-0.18205,-0.01062,-0.01648,-0.22747,-0.57912,-0.63919,-0.63333,-0.59524,-0.57766,-0.63187,-0.90586,0.15788,1.50000,-0.09341,-1.41355,-1.40403,-1.09267,-0.87363,-0.66337,-0.57766
-0.57399,-0.59670,-0.59670,-0.60989,-0.43993,-0.18205,-0.01062,-0.01648,-0.22747,-0.57912,-0.63919,-0.63333,-0.59524,-0.57766,-0.63187,-0.90586,0.15788,1.50000,-0.09341,-1.41355,-1.40403,-1.09267,-0.87363,-0.66337,-0.57766
-0.57399,-0.59670,-0.59670,-0.60989,-0.43993,-0.18205,-0.01062,-0.01648,-0.22747,-0.57912,-0.63919,-0.63333,-0.59524,-0.57766,-0.63187,-0.90586,0.15788,1.50000,-0.09341,-1.41355,-1.40403,-1.09267,-0.87363,-0.66337,-0.57766
-0.57399,-0.59670,-0.59670,-0.60989,-0.43993,-0.18205,-0.01062,-0.01648,-0.22747,-0.57912,-0.63919,-0.63333,-0.59524,-0.57766,-0.63187,-0.90586,0.15788,1.50000,-0.09341,-1.41355,-1.40403,-1.09267,-0.87363,-0.66337,-0.57766
-0.57399,-0.59670,-0.59670,-0.60989,-0.43993,-0.18205,-0.01062,-0.01648,-0.22747,-0.57912,-0.63919,-0.63333,-0.59524,-0.57766,-0.63187,-0.90586,0.15788,1.50000,-0.09341,-1.41355,-1.40403,-1.09267,-0.87363,-0.66337,-0.57766
-0.57399,-0.59670,-0.59670,-0.60989,-0.43993,-0.18205,-0.01062,-0.01648,-0.22747,-0.57912,-0.63919,-0.63333,-0.59524,-0.57766,-0.63187,-0.90586,0.15788,1.50000,-0.09341,-1.41355,-1.40403,-1.09267,-0.87363,-0.66337,-0.57766
-0.57399,-0.59670,-0.59670,-0.60989,-0.43993,-0.18205,-0.01062,-0.01648,-0.22747,-0.57912,-0.63919,-0.63333,-0.59524,-0.57766,-0.63187,-0.90586,0.15788,1.50000,-0.09341,-1.41355,-1.40403,-1.09267,-0.87363,-0.66337,-0.57766
-0.57399,-0.59670,-0.59670,-0.60989,-0.43993,-0.18205,-0.01062,-0.01648,-0.22747,-0.57912,-0.63919,-0.63333,-0.59524,-0.57766,-0.63187,-0.90586,0.15788,1.50000,-0.09341,-1.41355,-1.40403,-1.09267,-0.87363,-0.66337,-0.57766
-0.57399,-0.59670,-0.59670,-0.60989,-0.43993,-0.18205,-0.01062,-0.01648,-0.22747,-0.57912,-0.63919,-0.63333,-0.59524,-0.57766,-0.63187,-0.90586,0.15788,1.50000,-0.09341,-1.41355,-1.40403,-1.09267,-0.87363,-0.66337,-0.57766
-0.57399,-0.59670,-0.59670,-0.60989,-0.43993,-0.18205,-0.01062,-0.01648,-0.22747,-0.57912,-0.63919,-0.63333,-0.59524,-0.57766,-0.63187,-0.90586,0.15788,1.50000,-0.09341,-1.41355,-1.40403,-1.09267,-0.87363,-0.66337,-0.57766
-0.57399,-0.59670,-0.59670,-0.60989,-0.43993,-0.18205,-0.01062,-0.01648,-0.22747,-0.57912,-0.63919,-0.63333,-0.59524,-0.57766,-0.63187,-0.90586,0.15788,1.50000,-0.09341,-1.41355,-1.40403,-1.09267,-0.87363,-0.66337,-0.57766
-0.58571,-0.62015,-0.58791,-0.63919,-0.63333,-0.40330,-0.26264,-0.09634,0.00696,0.02894,0.00549,-0.06923,-0.25678,-0.47216,-0.61282,-0.63333,-0.62747,-0.57766,-0.53223,-0.53883,-0.59524,-0.62747,-0.62821,-0.57985,-0.59744
-0.58571,-0.62015,-0.58791,-0.63919,-0.63333,-0.40330,-0.26264,-0.09634,0.00696,0.02894,0.00549,-0.06923,-0.25678,-0.47216,-0.61282,-0.63333,-0.62747,-0.57766,-0.53223,-0.53883,-0.59524,-0.62747,-0.62821,-0.57985,-0.59744
-0.58571,-0.62015,-0.58791,-0.63919,-0.63333,-0.40330,-0.26264,-0.09634,0.00696,0.02894,0.00549,-0.06923,-0.25678,-0.47216,-0.61282,-0.63333,-0.62747,-0.57766,-0.53223,-0.53883,-0.59524,-0.62747,-0.62821,-0.57985,-0.59744
-0.58571,-0.62015,-0.58791,-0.63919,-0.63333,-0.40330,-0.26264,-0.09634,0.00696,0.02894,0.00549,-0.06923,-0.25678,-0.47216,-0.61282,-0.63333,-0.62747,-0.57766,-0.53223,-0.53883,-0.59524,-0.62747,-0.62821,-0.57985,-0.59744
-0.58571,-0.62015,-0.58791,-0.63919,-0.63333,-0.40330,-0.26264,-0.09634,0.00696,0.02894,0.00549,-0.06923,-0.25678,-0.47216,-0.61282,-0.63333,-0.62747,-0.57766,-0.53223,-0.53883,-0.59524,-0.62747,-0.62821,-0.57985,-0.59744
-0.58571,-0.62015,-0.58791,-0.63919,-0.63333,-0.40330,-0.26264,-0.09634,0.00696,0.02894,0.00549,-0.06923,-0.25678,-0.47216,-0.61282,-0.63333,-0.62747,-0.57766,-0.53223,-0.53883,-0.59524,-0.62747,-0.62821,-0.57985,-0.59744
-0.58571,-0.62015,-0.58791,-0.63919,-0.63333,-0.40330,-0.26264,-0.09634,0.00696,0.02894,0.00549,-0.06923,-0.25678,-0.47216,-0.61282,-0.63333,-0.62747,-0.57766,-0.53223,-0.53883,-0.59524,-0.62747,-0.62821,-0.57985,-0.59744
-0.58571,-0.62015,-0.58791,-0.63919,-0.63333,-0.40330,-0.26264,-0.09634,0.00696,0.02894,0.00549,-0.06923,-0.25678,-0.47216,-0.61282,-0.63333,-0.62747,-0.57766,-0.53223,-0.53883,-0.59524,-0.62747,-0.62821,-0.57985,-0.59744
-0.58571,-0.62015,-0.58791,-0.63919,-0.63333,-0.40330,-0.26264,-0.09634,0.00696,0.02894,0.00549,-0.06923,-0.25678,-0.47216,-0.61282,-0.63333,-0.62747,-0.57766,-0.53223,-0.53883,-0.59524,-0.62747,-0.62821,-0.57985,-0.59744
-0.58571,-0.62015,-0.58791,-0.63919,-0.63333,-0.40330,-0.26264,-0.09634,0.00696,0.02894,0.00549,-0.06923,-0.25678,-0.47216,-0.61282,-0.63333,-0.62747,-0.57766,-0.53223,-0.53883,-0.59524,-0.62747,-0.62821,-0.57985,-0.59744
-0.58571,-0.62015,-0.58791,-0.63919,-0.63333,-0.40330,-0.26264,-0.09634,0.00696,0.02894,0.00549,-0.06923,-0.25678,-0.47216,-0.61282,-0.63333,-0.62747,-0.57766,-0.53223,-0.53883,-0.59524,-0.62747,-0.62821,-0.57985,-0.59744
-0.58571,-0.62015,-0.58791,-0.63919,-0.63333,-0.40330,-0.26264,-0.09634,0.00696,0.02894,0.00549,-0.06923,-0.25678,-0.47216,-0.61282,-0.63333,-0.62747,-0.57766,-0.53223,-0.53883,-0.59524,-0.62747,-0.62821,-0.57985,-0.59744
-0.58571,-0.62015,-0.58791,-0.63919,-0.63333,-0.40330,-0.26264,-0.09634,0.00696,0.02894,0.00549,-0.06923,-0.25678,-0.47216,-0.61282,-0.63333,-0.62747,-0.57766,-0.53223,-0.53883,-0.59524,-0.62747,-0.62821,-0.57985,-0.59744
-0.58571,-0.62015,-0.58791,-0.63919,-0.63333,-0.40330,-0.26264,-0.09634,0.00696,0.02894,0.00549,-0.06923,-0.25678,-0.47216,-0.61282,-0.63333,-0.62747,-0.57766,-0.53223,-0.53883,-0.59524,-0.62747,-0.62821,-0.57985,-0.59744
-0.58571,-0.62015,-0.58791,-0.63919,-0.63333,-0.40330,-0.26264,-0.09634,0.00696,0.02894,0.00549,-0.06923,-0.25678,-0.47216,-0.61282,-0.63333,-0.62747,-0.57766,-0.53223,-0.53883,-0.59524,-0.62747,-0.62821,-0.57985,-0.59744
-0.60916,-0.59524,-0.62821,-0.62747,-0.57326,-0.57912,-0.60110,-0.61282,-0.61502,-0.61575,-0.57326,-0.59158,-0.59084,-0.60256,-0.42821,-0.18791,-0.01648,-0.01502,-0.21575,-0.57912,-0.62821,-0.62821,-0.57912,-0.59670,-0.60989
-0.60916,-0.59524,-0.62821,-0.62747,-0.57326,-0.57912,-0.60110,-0.61282,-0.61502,-0.61575,-0.57326,-0.59158,-0.59084,-0.60256,-0.42821,-0.18791,-0.01648,-0.01502,-0.21575,-0.57912,-0.62821,-0.62821,-0.57912,-0.59670,-0.60989
-0.60916,-0.59524,-0.62821,-0.62747,-0.57326,-0.57912,-0.60110,-0.61282,-0.61502,-0.61575,-0.57326,-0.59158,-0.59084,-0.60256,-0.42821,-0.18791,-0.01648,-0.01502,-0.21575,-0.57912,-0.62821,-0.62821,-0.57912,-0.59670,-0.60989
-0.60916,-0.59524,-0.62821,-0.62747,-0.57326,-0.57912,-0.60110,-0.61282,-0.61502,-0.61575,-0.57326,-0.59158,-0.59084,-0.60256,-0.42821,-0.18791,-0.01648,-0.01502,-0.21575,-0.57912,-0.62821,-0.62821,-0.57912,-0.59670,-0.60989
-0.60916,-0.59524,-0.62821,-0.62747,-0.57326,-0.57912,-0.60110,-0.61282,-0.61502,-0.61575,-0.57326,-0.59158,-0.59084,-0.60256,-0.42821,-0.18791,-0.01648,-0.01502,-0.21575,-0.57912,-0.62821,-0.62821,-0.57912,-0.59670,-0.60989
-0.60916,-0.59524,-0.62821,-0.62747,-0.57326,-0.57912,-0.60110,-0.61282,-0.61502,-0.61575,-0.57326,-0.59158,-0.59084,-0.60256,-0.42821,-0.18791,-0.01648,-0.01502,-0.21575,-0.57912,-0.62821,-0.62821,-0.57912,-0.59670,-0.60989
-0.60916,-0.59524,-0.62821,-0.62747,-0.57326,-0.57912,-0.60110,-0.61282,-0.61502,-0.61575,-0.57326,-0.59158,-0.59084,-0.60256,-0.42821,-0.18791,-0.01648,-0.01502,-0.21575,-0.57912,-0.62821,-0.62821,-0.57912,-0.59670,-0.60989
-0.60916,-0.59524,-0.62821,-0.62747,-0.57326,-0.57912,-0.60110,-0.61282,-0.61502,-0.61575,-0.57326,-0.59158,-0.59084,-0.60256,-0.42821,-0.18791,-0.01648,-0.01502,-0.21575,-0.57912,-0.62821,-0.62821,-0.57912,-0.59670,-0.60989
-0.60916,-0.59524,-0.62821,-0.62747,-0.57326,-0.57912,-0.60110,-0.61282,-0.61502,-0.61575,-0.57326,-0.59158,-0.59084,-0.60256,-0.42821,-0.18791,-0.01648,-0.01502,-0.21575,-0.57912,-0.62821,-0.62821,-0.57912,-0.59670,-0.60989
-0.60916,-0.59524,-0.62821,-0.62747,-0.57326,-0.57912,-0.60110,-0.61282,-0.61502,-0.61575,-0.57326,-0.59158,-0.59084,-0.60256,-0.42821,-0.18791,-0.01648,-0.01502,-0.21575,-0.57912,-0.62821,-0.62821,-0.57912,-0.59670,-0.60989
-0.60916,-0.59524,-0.62821,-0.62747,-0.57326,-0.57912,-0.60110,-0.61282,-0.61502,-0.61575,-0.57326,-0.59158,-0.59084,-0.60256,-0.42821,-0.18791,-0.01648,-0.01502,-0.21575,-0.57912,-0.62821,-0.62821,-0.57912,-0.59670,-0.60989
-0.60916,-0.59524,-0.62821,-0.62747,-0.57326,-0.57912,-0.60110,-0.61282,-0.61502,-0.61575,-0.57326,-0.59158,-0.59084,-0.60256,-0.42821,-0.18791,-0.01648,-0.01502,-0.21575,-0.57912,-0.62821,-0.62821,-0.57912,-0.59670,-0.60989
-0.60916,-0.59524,-0.62821,-0.62747,-0.57326,-0.57912,-0.60110,-0.61282,-0.61502,-0.61575,-0.57326,-0.59158,-0.59084,-0.60256,-0.42821,-0.18791,-0.01648,-0.01502,-0.21575,-0.57912,-0.62821,-0.62821,-0.57912,-0.59670,-0.60989
-0.60916,-0.59524,-0.62821,-0.62747,-0.57326,-0.57912,-0.60110,-0.61282,-0.61502,-0.61575,-0.57326,-0.59158,-0.59084,-0.60256,-0.42821,-0.18791,-0.01648,-0.01502,-0.21575,-0.57912,-0.62821,-0.62821,-0.57912,-0.59670,-0.60989
-0.60916,-0.59524,-0.62821,-0.62747,-0.57326,-0.57912,-0.60110,-0.61282,-0.61502,-0.61575,-0.57326,-0.59158,-0.59084,-0.60256,-0.42821,-0.18791,-0.01648,-0.01502,-0.21575,-0.57912,-0.62821,-0.62821,-0.57912,-0.59670,-0.60989
-0.90147,0.14689,1.50000,-0.06337,-1.43040,-1.41502,-1.07949,-0.87949,-0.66264,-0.60989,-0.60842,-0.60989,-0.60256,-0.63919,-0.61575,-0.43993,-0.24505,-0.09853,0.00696,0.04212,0.00549,-0.05751,-0.25092,-0.47949,-0.61282
-0.90147,0.14689,1.50000,-0.06337,-1.43040,-1.41502,-1.07949,-0.87949,-0.66264,-0.60989,-0.60842,-0.60989,-0.60256,-0.63919,-0.61575,-0.43993,-0.24505,-0.09853,0.00696,0.04212,0.00549,-0.05751,-0.25092,-0.47949,-0.61282
-0.90147,0.14689,1.50000,-0.06337,-1.43040,-1.41502,-1.07949,-0.87949,-0.66264,-0.60989,-0.60842,-0.60989,-0.60256,-0.63919,-0.61575,-0.43993,-0.24505,-0.09853,0.00696,0.04212,0.00549,-0.05751,-0.25092,-0.47949,-0.61282
-0.90147,0.14689,1.50000,-0.06337,-1.43040,-1.41502,-1.07949,-0.87949,-0.66264,-0.60989,-0.60842,-0.60989,-0.60256,-0.63919,-0.61575,-0.43993,-0.24505,-0.09853,0.00696,0.04212,0.00549,-0.05751,-0.25092,-0.47949,-0.61282
-0.90147,0.14689,1.50000,-0.06337,-1.43040,-1.41502,-1.07949,-0.87949,-0.66264,-0.60989,-0.60842,-0.60989,-0.60256,-0.63919,-0.61575,-0.43993,-0.24505,-0.09853,0.00696,0.04212,0.00549,-0.05751,-0.25092,-0.47949,-0.61282
-0.90147,0.14689,1.50000,-0.06337,-1.43040,-1.41502,-1.07949,-0.87949,-0.66264,-0.60989,-0.60842,-0.60989,-0.60256,-0.63919,-0.61575,-0.43993,-0.24505,-0.09853,0.00696,0.04212,0.00549,-0.05751,-0.25092,-0.47949,-0.61282
-0.90147,0.14689,1.50000,-0.06337,-1.43040,-1.41502,-1.07949,-0.87949,-0.66264,-0.60989,-0.60842,-0.60989,-0.60256,-0.63919,-0.61575,-0.43993,-0.24505,-0.09853,0.00696,0.04212,0.00549,-0.05751,-0.25092,-0.47949,-0.61282
-0.90147,0.14689,1.50000,-0.06337,-1.43040,-1.41502,-1.07949,-0.87949,-0.66264,-0.60989,-0.60842,-0.60989,-0.60256,-0.63919,-0.61575,-0.43993,-0.24505,-0.09853,0.00696,0.04212,0.00549,-0.05751,-0.25092,-0.47949,-0.61282
-0.90147,0.14689,1.50000,-0.06337,-1.43040,-1.41502,-1.07949,-0.87949,-0.66264,-0.60989,-0.60842,-0.60989,-0.60256,-0.63919,-0.61575,-0.43993,-0.24505,-0.09853,0.00696,0.04212,0.00549,-0.05751,-0.25092,-0.47949,-0.61282
-0.90147,0.14689,1.50000,-0.06337,-1.43040,-1.41502,-1.07949,-0.87949,-0.66264,-0.60989,-0.60842,-0.60989,-0.60256,-0.63919,-0.61575,-0.43993,-0.24505,-0.09853,0.00696,0.04212,0.00549,-0.05751,-0.25092,-0.47949,-0.61282
-0.90147,0.14689,1.50000,-0.06337,-1.43040,-1.41502,-1.07949,-0.87949,-0.66264,-0.60989,-0.60842,-0.60989,-0.60256,-0.63919,-0.61575,-0.43993,-0.24505,-0.09853,0.00696,0.04212,0.00549,-0.05751,-0.25092,-0.47949,-0.61282
-0.90147,0.14689,1.50000,-0.06337,-1.43040,-1.41502,-1.07949,-0.87949,-0.66264,-0.60989,-0.60842,-0.60989,-0.60256,-0.63919,-0.61575,-0.43993,-0.24505,-0.09853,0.00696,0.04212,0.00549,-0.05751,-0.25092,-0.47949,-0.61282
-0.90147,0.14689,1.50000,-0.06337,-1.43040,-1.41502,-1.07949,-0.87949,-0.66264,-0.60989,-0.60842,-0.60989,-0.60256,-0.63919,-0.61575,-0.43993,-0.24505,-0.09853,0.00696,0.04212,0.00549,-0.05751,-0.25092,-0.47949,-0.61282
-0.90147,0.14689,1.50000,-0.06337,-1.43040,-1.41502,-1.07949,-0.87949,-0.66264,-0.60989,-0.60842,-0.60989,-0.60256,-0.63919,-0.61575,-0.43993,-0.24505,-0.09853,0.00696,0.04212,0.00549,-0.05751,-0.25092,-0.47949,-0.61282
-0.90147,0.14689,1.50000,-0.06337,-1.43040,-1.41502,-1.07949,-0.87949,-0.66264,-0.60989,-0.60842,-0.60989,-0.60256,-0.63919,-0.61575,-0.43993,-0.24505,-0.09853,0.00696,0.04212,0.00549,-0.05751,-0.25092,-0.47949,-0.61282
-0.90147,0.14689,1.50000,-0.06337,-1.43040,-1.41502,-1.07949,-0.87949,-0.66264,-0.60989,-0.60842,-0.60989,-0.60256,-0.63919,-0.61575,-0.43993,-0.24505,-0.09853,0.00696,0.04212,0.00549,-0.05751,-0.25092,-0.47949,-0.61282
-0.60330,-0.62821,-0.56740,-0.51465,-0.53956,-0.60696,-0.61209,-0.62821,-0.59304,-0.58571,-0.60989,-0.59670,-0.62747,-0.62161,-0.57912,-0.60256,-0.60110,-0.59524,-0.62161,-0.61575,-0.59158,-0.60256,-0.60256,-0.60330,-0.42381
-0.60330,-0.62821,-0.56740,-0.51465,-0.53956,-0.60696,-0.61209,-0.62821,-0.59304,-0.58571,-0.60989,-0.59670,-0.62747,-0.62161,-0.57912,-0.60256,-0.60110,-0.59524,-0.62161,-0.61575,-0.59158,-0.60256,-0.60256,-0.60330,-0.42381
-0.60330,-0.62821,-0.56740,-0.51465,-0.53956,-0.60696,-0.61209,-0.62821,-0.59304,-0.58571,-0.60989,-0.59670,-0.62747,-0.62161,-0.57912,-0.60256,-0.60110,-0.59524,-0.62161,-0.61575,-0.59158,-0.60256,-0.60256,-0.60330,-0.42381
-0.60330,-0.62821,-0.56740,-0.51465,-0.53956,-0.60696,-0.61209,-0.62821,-0.59304,-0.58571,-0.60989,-0.59670,-0.62747,-0.62161,-0.57912,-0.60256,-0.60110,-0.59524,-0.62161,-0.61575,-0.59158,-0.60256,-0.60256,-0.60330,-0.42381
-0.60330,-0.62821,-0.56740,-0.51465,-0.53956,-0.60696,-0.61209,-0.62821,-0.59304,-0.58571,-0.60989,-0.59670,-0.62747,-0.62161,-0.57912,-0.60256,-0.60110,-0.59524,-0.62161,-0.61575,-0.59158,-0.60256,-0.60256,-0.60330,-0.42381
-0.60330,-0.62821,-0.56740,-0.51465,-0.53956,-0.60696,-0.61209,-0.62821,-0.59304,-0.58571,-0.60989,-0.59670,-0.62747,-0.62161,-0.57912,-0.60256,-0.60110,-0.59524,-0.62161,-0.61575,-0.59158,-0.60256,-0.60256,-0.60330,-0.42381
-0.60330,-0.62821,-0.56740,-0.51465,-0.53956,-0.60696,-0.61209,-0.62821,-0.59304,-0.58571,-0.60989,-0.59670,-0.62747,-0.62161,-0.57912,-0.60256,-0.60110,-0.59524,-0.62161,-0.61575,-0.59158,-0.60256,-0.60256,-0.60330,-0.42381
-0.60330,-0.62821,-0.56740,-0.51465,-0.53956,-0.60696,-0.61209,-0.62821,-0.59304,-0.58571,-0.60989,-0.59670,-0.62747,-0.62161,-0.57912,-0.60256,-0.60110,-0.59524,-0.62161,-0.61575,-0.59158,-0.60256,-0.60256,-0.60330,-0.42381
-0.60330,-0.62821,-0.56740,-0.51465,-0.53956,-0.60696,-0.61209,-0.62821,-0.59304,-0.58571,-0.60989,-0.59670,-0.62747,-0.62161,-0.57912,-0.60256,-0.60110,-0.59524,-0.62161,-0.61575,-0.59158,-0.60256,-0.60256,-0.60330,-0.42381
-0.60330,-0.62821,-0.56740,-0.51465,-0.53956,-0.60696,-0.61209,-0.62821,-0.59304,-0.58571,-0.60989,-0.59670,-0.62747,-0.62161,-0.57912,-0.60256,-0.60110,-0.59524,-0.62161,-0.61575,-0.59158,-0.60256,-0.60256,-0.60330,-0.42381
-0.60330,-0.62821,-0.56740,-0.51465,-0.53956,-0.60696,-0.61209,-0.62821,-0.59304,-0.58571,-0.60989,-0.59670,-0.62747,-0.62161,-0.57912,-0.60256,-0.60110,-0.59524,-0.62161,-0.61575,-0.59158,-0.60256,-0.60256,-0.60330,-0.42381
-0.60330,-0.62821,-0.56740,-0.51465,-0.53956,-0.60696,-0.61209,-0.62821,-0.59304,-0.58571,-0.60989,-0.59670,-0.62747,-0.62161,-0.57912,-0.60256,-0.60110,-0.59524,-0.62161,-0.61575,-0.59158,-0.60256,-0.60256,-0.60330,-0.42381
-0.60330,-0.62821,-0.56740,-0.51465,-0.53956,-0.60696,-0.61209,-0.62821,-0.59304,-0.58571,-0.60989,-0.59670,-0.62747,-0.62161,-0.57912,-0.60256,-0.60110,-0.59524,-0.62161,-0.61575,-0.59158,-0.60256,-0.60256,-0.60330,-0.42381
-0.60330,-0.62821,-0.56740,-0.51465,-0.53956,-0.60696,-0.61209,-0.62821,-0.59304,-0.58571,-0.60989,-0.59670,-0.62747,-0.62161,-0.57912,-0.60256,-0.60110,-0.59524,-0.62161,-0.61575,-0.59158,-0.60256,-0.60256,-0.60330,-0.42381
-0.60330,-0.62821,-0.56740,-0.51465,-0.53956,-0.60696,-0.61209,-0.62821,-0.59304,-0.58571,-0.60989,-0.59670,-0.62747,-0.62161,-0.57912,-0.60256,-0.60110,-0.59524,-0.62161,-0.61575,-0.59158,-0.60256,-0.60256,-0.60330,-0.42381
-0.19377,-0.02967,-0.00476,-0.20256,-0.56740,-0.61136,-0.62747,-0.58498,-0.59670,-0.60256,-0.90073,0.12711,1.50000,-0.05165,-1.40256,-1.41429,-1.08974,-0.87363,-0.68608,-0.60989,-0.59670,-0.61429,-0.59084,-0.63919,-0.60989
-0.19377,-0.02967,-0.00476,-0.20256,-0.56740,-0.61136,-0.62747,-0.58498,-0.59670,-0.60256,-0.90073,0.12711,1.50000,-0.05165,-1.40256,-1.41429,-1.08974,-0.87363,-0.68608,-0.60989,-0.59670,-0.61429,-0.59084,-0.63919,-0.60989
-0.19377,-0.02967,-0.00476,-0.20256,-0.56740,-0.61136,-0.62747,-0.58498,-0.59670,-0.60256,-0.90073,0.12711,1.50000,-0.05165,-1.40256,-1.41429,-1.08974,-0.87363,-0.68608,-0.60989,-0.59670,-0.61429,-0.59084,-0.63919,-0.60989
-0.19377,-0.02967,-0.00476,-0.20256,-0.56740,-0.61136,-0.62747,-0.58498,-0.59670,-0.60256,-0.90073,0.12711,1.50000,-0.05165,-1.40256,-1.41429,-1.08974,-0.87363,-0.68608,-0.60989,-0.59670,-0.61429,-0.59084,-0.63919,-0.60989
-0.19377,-0.02967,-0.00476,-0.20256,-0.56740,-0.61136,-0.62747,-0.58498,-0.59670,-0.60256,-0.90073,0.12711,1.50000,-0.05165,-1.40256,-1.41429,-1.08974,-0.87363,-0.68608,-0.60989,-0.59670,-0.61429,-0.59084,-0.63919,-0.60989
-0.19377,-0.02967,-0.00476,-0.20256,-0.56740,-0.61136,-0.62747,-0.58498,-0.59670,-0.60256,-0.90073,0.12711,1.50000,-0.05165,-1.40256,-1.41429,-1.08974,-0.87363,-0.68608,-0.60989,-0.59670,-0.61429,-0.59084,-0.63919,-0.60989
-0.19377,-0.02967,-0.00476,-0.20256,-0.56740,-0.61136,-0.62747,-0.58498,-0.59670,-0.60256,-0.90073,0.12711,1.50000,-0.05165,-1.40256,-1.41429,-1.08974,-0.87363,-0.68608,-0.60989,-0.59670,-0.61429,-0.59084,-0.63919,-0.60989
-0.19377,-0.02967,-0.00476,-0.20256,-0.56740,-0.61136,-0.62747,-0.58498,-0.59670,-0.60256,-0.90073,0.12711,1.50000,-0.05165,-1.40256,-1.41429,-1.08974,-0.87363,-0.68608,-0.60989,-0.59670,-0.61429,-0.59084,-0.63919,-0.60989
-0.19377,-0.02967,-0.00476,-0.20256,-0.56740,-0.61136,-0.62747,-0.58498,-0.59670,-0.60256,-0.90073,0.12711,1.50000,-0.05165,-1.40256,-1.41429,-1.08974,-0.87363,-0.68608,-0.60989,-0.59670,-0.61429,-0.59084,-0.63919,-0.60989
-0.19377,-0.02967,-0.00476,-0.20256,-0.56740,-0.61136,-0.62747,-0.58498,-0.59670,-0.60256,-0.90073,0.12711,1.50000,-0.05165,-1.40256,-1.41429,-1.08974,-0.87363,-0.68608,-0.60989,-0.59670,-0.61429,-0.59084,-0.63919,-0.60989
-0.19377,-0.02967,-0.00476,-0.20256,-0.56740,-0.61136,-0.62747,-0.58498,-0.59670,-0.60256,-0.90073,0.12711,1.50000,-0.05165,-1.40256,-1.41429,-1.08974,-0.87363,-0.68608,-0.60989,-0.59670,-0.61429,-0.59084,-0.63919,-0.60989
-0.19377,-0.02967,-0.00476,-0.20256,-0.56740,-0.61136,-0.62747,-0.58498,-0.59670,-0.60256,-0.90073,0.12711,1.50000,-0.05165,-1.40256,-1.41429,-1.08974,-0.87363,-0.68608,-0.60989,-0.59670,-0.61429,-0.59084,-0.63919,-0.60989
-0.19377,-0.02967,-0.00476,-0.20256,-0.56740,-0.61136,-0.62747,-0.58498,-0.59670,-0.60256,-0.90073,0.12711,1.50000,-0.05165,-1.40256,-1.41429,-1.08974,-0.87363,-0.68608,-0.60989,-0.59670,-0.61429,-0.59084,-0.63919,-0.60989
-0.19377,-0.02967,-0.00476,-0.20256,-0.56740,-0.61136,-0.62747,-0.58498,-0.59670,-0.60256,-0.90073,0.12711,1.50000,-0.05165,-1.40256,-1.41429,-1.08974,-0.87363,-0.68608,-0.60989,-0.59670,-0.61429,-0.59084,-0.63919,-0.60989
-0.43993,-0.26337,-0.11026,-0.00330,0.05018,0.00549,-0.06923,-0.24505,-0.47363,-0.60989,-0.62161,-0.62821,-0.58498,-0.53223,-0.52491,-0.60110,-0.63333,-0.60989,-0.60989,-0.58498,-0.60256,-0.60549,-0.63919,-0.60989,-0.58571
-0.43993,-0.26337,-0.11026,-0.00330,0.05018,0.00549,-0.06923,-0.24505,-0.47363,-0.60989,-0.62161,-0.62821,-0.58498,-0.53223,-0.52491,-0.60110,-0.63333,-0.60989,-0.60989,-0.58498,-0.60256,-0.60549,-0.63919,-0.60989,-0.58571
-0.43993,-0.26337,-0.11026,-0.00330,0.05018,0.00549,-0.06923,-0.24505,-0.47363,-0.60989,-0.62161,-0.62821,-0.58498,-0.53223,-0.52491,-0.60110,-0.63333,-0.60989,-0.60989,-0.58498,-0.60256,-0.60549,-0.63919,-0.60989,-0.58571
-0.43993,-0.26337,-0.11026,-0.00330,0.05018,0.00549,-0.06923,-0.24505,-0.47363,-0.60989,-0.62161,-0.62821,-0.58498,-0.53223,-0.52491,-0.60110,-0.63333,-0.60989,-0.60989,-0.58498,-0.60256,-0.60549,-0.63919,-0.60989,-0.58571
-0.43993,-0.26337,-0.11026,-0.00330,0.05018,0.00549,-0.06923,-0.24505,-0.47363,-0.60989,-0.62161,-0.62821,-0.58498,-0.53223,-0.52491,-0.60110,-0.63333,-0.60989,-0.60989,-0.58498,-0.60256,-0.60549,-0.63919,-0.60989,-0.58571
-0.43993,-0.26337,-0.11026,-0.00330,0.05018,0.00549,-0.06923,-0.24505,-0.47363,-0.60989,-0.62161,-0.62821,-0.58498,-0.53223,-0.52491,-0.60110,-0.63333,-0.60989,-0.60989,-0.58498,-0.60256,-0.60549,-0.63919,-0.60989,-0.58571
-0.43993,-0.26337,-0.11026,-0.00330,0.05018,0.00549,-0.06923,-0.24505,-0.47363,-0.60989,-0.62161,-0.62821,-0.58498,-0.53223,-0.52491,-0.60110,-0.63333,-0.60989,-0.60989,-0.58498,-0.60256,-0.60549,-0.63919,-0.60989,-0.58571
-0.43993,-0.26337,-0.11026,-0.00330,0.05018,0.00549,-0.06923,-0.24505,-0.47363,-0.60989,-0.62161,-0.62821,-0.58498,-0.53223,-0.52491,-0.60110,-0.63333,-0.60989,-0.60989,-0.58498,-0.60256,-0.60549,-0.63919,-0.60989,-0.58571
-0.43993,-0.26337,-0.11026,-0.00330,0.05018,0.00549,-0.06923,-0.24505,-0.47363,-0.60989,-0.62161,-0.62821,-0.58498,-0.53223,-0.52491,-0.60110,-0.63333,-0.60989,-0.60989,-0.58498,-0.60256,-0.60549,-0.63919,-0.60989,-0.58571
-0.43993,-0.26337,-0.11026,-0.00330,0.05018,0.00549,-0.06923,-0.24505,-0.47363,-0.60989,-0.62161,-0.62821,-0.58498,-0.53223,-0.52491,-0.60110,-0.63333,-0.60989,-0.60989,-0.58498,-0.60256,-0.60549,-0.63919,-0.60989,-0.58571
-0.43993,-0.26337,-0.11026,-0.00330,0.05018,0.00549,-0.06923,-0.24505,-0.47363,-0.60989,-0.62161,-0.62821,-0.58498,-0.53223,-0.52491,-0.60110,-0.63333,-0.60989,-0.60989,-0.58498,-0.60256,-0.60549,-0.63919,-0.60989,-0.58571
-0.43993,-0.26337,-0.11026,-0.00330,0.05018,0.00549,-0.06923,-0.24505,-0.47363,-0.60989,-0.62161,-0.62821,-0.58498,-0.53223,-0.52491,-0.60110,-0.63333,-0.60989,-0.60989,-0.58498,-0.60256,-0.60549,-0.63919,-0.60989,-0.58571
-0.43993,-0.26337,-0.11026,-0.00330,0.05018,0.00549,-0.06923,-0.24505,-0.47363,-0.60989,-0.62161,-0.62821,-0.58498,-0.53223,-0.52491,-0.60110,-0.63333,-0.60989,-0.60989,-0.58498,-0.60256,-0.60549,-0.63919,-0.60989,-0.58571
-0.43993,-0.26337,-0.11026,-0.00330,0.05018,0.00549,-0.06923,-0.24505,-0.47363,-0.60989,-0.62161,-0.62821,-0.58498,-0.53223,-0.52491,-0.60110,-0.63333,-0.60989,-0.60989,-0.58498,-0.60256,-0.60549,-0.63919,-0.60989,-0.58571
-0.43993,-0.26337,-0.11026,-0.00330,0.05018,0.00549,-0.06923,-0.24505,-0.47363,-0.60989,-0.62161,-0.62821,-0.58498,-0.53223,-0.52491,-0.60110,-0.63333,-0.60989,-0.60989,-0.58498,-0.60256,-0.60549,-0.63919,-0.60989,-0.58571
-0.43993,-0.26337,-0.11026,-0.00330,0.05018,0.00549,-0.06923,-0.24505,-0.47363,-0.60989,-0.62161,-0.62821,-0.58498,-0.53223,-0.52491,-0.60110,-0.63333,-0.60989,-0.60989,-0.58498,-0.60256,-0.60549,-0.63919,-0.60989,-0.58571
-0.43993,-0.26337,-0.11026,-0.00330,0.05018,0.00549,-0.06923,-0.24505,-0.47363,-0.60989,-0.62161,-0.62821,-0.58498,-0.53223,-0.52491,-0.60110,-0.63333,-0.60989,-0.60989,-0.58498,-0.60256,-0.60549,-0.63919,-0.60989,-0.58571
-0.43993,-0.26337,-0.11026,-0.00330,0.05018,0.00549,-0.06923,-0.24505,-0.47363,-0.60989,-0.62161,-0.62821,-0.58498,-0.53223,-0.52491,-0.60110,-0.63333,-0.60989,-0.60989,-0.58498,-0.60256,-0.60549,-0.63919,-0.60989,-0.58571
-0.60110,-0.60256,-0.60110,-0.59963,-0.62747,-0.57326,-0.60842,-0.59158,-0.61429,-0.45165,-0.19377,-0.01648,-0.01648,-0.22015,-0.55568,-0.63919,-0.61575,-0.58938,-0.57546,-0.60842,-0.92344,0.12418,1.50000,-0.03407,-1.40989
-0.60110,-0.60256,-0.60110,-0.59963,-0.62747,-0.57326,-0.60842,-0.59158,-0.61429,-0.45165,-0.19377,-0.01648,-0.01648,-0.22015,-0.55568,-0.63919,-0.61575,-0.58938,-0.57546,-0.60842,-0.92344,0.12418,1.50000,-0.03407,-1.40989
-0.60110,-0.60256,-0.60110,-0.59963,-0.62747,-0.57326,-0.60842,-0.59158,-0.61429,-0.45165,-0.19377,-0.01648,-0.01648,-0.22015,-0.55568,-0.63919,-0.61575,-0.58938,-0.57546,-0.60842,-0.92344,0.12418,1.50000,-0.03407,-1.40989
-0.60110,-0.60256,-0.60110,-0.59963,-0.62747,-0.57326,-0.60842,-0.59158,-0.61429,-0.45165,-0.19377,-0.01648,-0.01648,-0.22015,-0.55568,-0.63919,-0.61575,-0.58938,-0.57546,-0.60842,-0.92344,0.12418,1.50000,-0.03407,-1.40989
-0.60110,-0.60256,-0.60110,-0.59963,-0.62747,-0.57326,-0.60842,-0.59158,-0.61429,-0.45165,-0.19377,-0.01648,-0.01648,-0.22015,-0.55568,-0.63919,-0.61575,-0.58938,-0.57546,-0.60842,-0.92344,0.12418,1.50000,-0.03407,-1.40989
-0.60110,-0.60256,-0.60110,-0.59963,-0.62747,-0.57326,-0.60842,-0.59158,-0.61429,-0.45165,-0.19377,-0.01648,-0.01648,-0.22015,-0.55568,-0.63919,-0.61575,-0.58938,-0.57546,-0.60842,-0.92344,0.12418,1.50000,-0.03407,-1.40989
-0.60110,-0.60256,-0.60110,-0.59963,-0.62747,-0.57326,-0.60842,-0.59158,-0.61429,-0.45165,-0.19377,-0.01648,-0.01648,-0.22015,-0.55568,-0.63919,-0.61575,-0.58938,-0.57546,-0.60842,-0.92344,0.12418,1.50000,-0.03407,-1.40989
-0.60110,-0.60256,-0.60110,-0.59963,-0.62747,-0.57326,-0.60842,-0.59158,-0.61429,-0.45165,-0.19377,-0.01648,-0.01648,-0.22015,-0.55568,-0.63919,-0.61575,-0.58938,-0.57546,-0.60842,-0.92344,0.12418,1.50000,-0.03407,-1.40989
-0.60110,-0.60256,-0.60110,-0.59963,-0.62747,-0.57326,-0.60842,-0.59158,-0.61429,-0.45165,-0.19377,-0.01648,-0.01648,-0.22015,-0.55568,-0.63919,-0.61575,-0.58938,-0.57546,-0.60842,-0.92344,0.12418,1.50000,-0.03407,-1.40989
-0.60110,-0.60256,-0.60110,-0.59963,-0.62747,-0.57326,-0.60842,-0.59158,-0.61429,-0.45165,-0.19377,-0.01648,-0.01648,-0.22015,-0.55568,-0.63919,-0.61575,-0.58938,-0.57546,-0.60842,-0.92344,0.12418,1.50000,-0.03407,-1.40989
-0.60110,-0.60256,-0.60110,-0.59963,-0.62747,-0.57326,-0.60842,-0.59158,-0.61429,-0.45165,-0.19377,-0.01648,-0.01648,-0.22015,-0.55568,-0.63919,-0.61575,-0.58938,-0.57546,-0.60842,-0.92344,0.12418,1.50000,-0.03407,-1.40989
-0.60110,-0.60256,-0.60110,-0.59963,-0.62747,-0.57326,-0.60842,-0.59158,-0.61429,-0.45165,-0.19377,-0.01648,-0.01648,-0.22015,-0.55568,-0.63919,-0.61575,-0.58938,-0.57546,-0.60842,-0.92344,0.12418,1.50000,-0.03407,-1.40989
-0.60110,-0.60256,-0.60110,-0.59963,-0.62747,-0.57326,-0.60842,-0.59158,-0.61429,-0.45165,-0.19377,-0.01648,-0.01648,-0.22015,-0.55568,-0.63919,-0.61575,-0.58938,-0.57546,-0.60842,-0.92344,0.12418,1.50000,-0.03407,-1.40989
-0.60110,-0.60256,-0.60110,-0.59963,-0.62747,-0.57326,-0.60842,-0.59158,-0.61429,-0.45165,-0.19377,-0.01648,-0.01648,-0.22015,-0.55568,-0.63919,-0.61575,-0.58938,-0.57546,-0.60842,-0.92344,0.12418,1.50000,-0.03407,-1.40989
-0.60110,-0.60256,-0.60110,-0.59963,-0.62747,-0.57326,-0.60842,-0.59158,-0.61429,-0.45165,-0.19377,-0.01648,-0.01648,-0.22015,-0.55568,-0.63919,-0.61575,-0.58938,-0.57546,-0.60842,-0.92344,0.12418,1.50000,-0.03407,-1.40989
-0.60110,-0.60256,-0.60110,-0.59963,-0.62747,-0.57326,-0.60842,-0.59158,-0.61429,-0.45165,-0.19377,-0.01648,-0.01648,-0.22015,-0.55568,-0.63919,-0.61575,-0.58938,-0.57546,-0.60842,-0.92344,0.12418,1.50000,-0.03407,-1.40989
-0.60110,-0.60256,-0.60110,-0.59963,-0.62747,-0.57326,-0.60842,-0.59158,-0.61429,-0.45165,-0.19377,-0.01648,-0.01648,-0.22015,-0.55568,-0.63919,-0.61575,-0.58938,-0.57546,-0.60842,-0.92344,0.12418,1.50000,-0.03407,-1.40989
-0.60110,-0.60256,-0.60110,-0.59963,-0.62747,-0.57326,-0.60842,-0.59158,-0.61429,-0.45165,-0.19377,-0.01648,-0.01648,-0.22015,-0.55568,-0.63919,-0.61575,-0.58938,-0.57546,-0.60842,-0.92344,0.12418,1.50000,-0.03407,-1.40989
-0.60110,-0.60256,-0.60110,-0.59963,-0.62747,-0.57326,-0.60842,-0.59158,-0.61429,-0.45165,-0.19377,-0.01648,-0.01648,-0.22015,-0.55568,-0.63919,-0.61575,-0.58938,-0.57546,-0.60842,-0.92344,0.12418,1.50000,-0.03407,-1.40989
-0.60110,-0.60256,-0.60110,-0.59963,-0.62747,-0.57326,-0.60842,-0.59158,-0.61429,-0.45165,-0.19377,-0.01648,-0.01648,-0.22015,-0.55568,-0.63919,-0.61575,-0.58938,-0.57546,-0.60842,-0.92344,0.12418,1.50000,-0.03407,-1.40989
-1.41722,-1.09560,-0.86264,-0.68022,-0.60989,-0.60842,-0.60989,-0.59084,-0.62161,-0.60989,-0.44579,-0.25165,-0.11026,0.00696,0.03480,0.00549,-0.06337,-0.24505,-0.47436,-0.59524,-0.62161,-0.61648,-0.57326,-0.53077,-0.53223
-1.41722,-1.09560,-0.86264,-0.68022,-0.60989,-0.60842,-0.60989,-0.59084,-0.62161,-0.60989,-0.44579,-0.25165,-0.11026,0.00696,0.03480,0.00549,-0.06337,-0.24505,-0.47436,-0.59524,-0.62161,-0.61648,-0.57326,-0.53077,-0.53223
-1.41722,-1.09560,-0.86264,-0.68022,-0.60989,-0.60842,-0.60989,-0.59084,-0.62161,-0.60989,-0.44579,-0.25165,-0.11026,0.00696,0.03480,0.00549,-0.06337,-0.24505,-0.47436,-0.59524,-0.62161,-0.61648,-0.57326,-0.53077,-0.53223
-1.41722,-1.09560,-0.86264,-0.68022,-0.60989,-0.60842,-0.60989,-0.59084,-0.62161,-0.60989,-0.44579,-0.25165,-0.11026,0.00696,0.03480,0.00549,-0.06337,-0.24505,-0.47436,-0.59524,-0.62161,-0.61648,-0.57326,-0.53077,-0.53223
-1.41722,-1.09560,-0.86264,-0.68022,-0.60989,-0.60842,-0.60989,-0.59084,-0.62161,-0.60989,-0.44579,-0.25165,-0.11026,0.00696,0.03480,0.00549,-0.06337,-0.24505,-0.47436,-0.59524,-0.62161,-0.61648,-0.57326,-0.53077,-0.53223
-1.41722,-1.09560,-0.86264,-0.68022,-0.60989,-0.60842,-0.60989,-0.59084,-0.62161,-0.60989,-0.44579,-0.25165,-0.11026,0.00696,0.03480,0.00549,-0.06337,-0.24505,-0.47436,-0.59524,-0.62161,-0.61648,-0.57326,-0.53077,-0.53223
-1.41722,-1.09560,-0.86264,-0.68022,-0.60989,-0.60842,-0.60989,-0.59084,-0.62161,-0.60989,-0.44579,-0.25165,-0.11026,0.00696,0.03480,0.00549,-0.06337,-0.24505,-0.47436,-0.59524,-0.62161,-0.61648,-0.57326,-0.53077,-0.53223
-1.41722,-1.09560,-0.86264,-0.68022,-0.60989,-0.60842,-0.60989,-0.59084,-0.62161,-0.60989,-0.44579,-0.25165,-0.11026,0.00696,0.03480,0.00549,-0.06337,-0.24505,-0.47436,-0.59524,-0.62161,-0.61648,-0.57326,-0.53077,-0.53223
-1.41722,-1.09560,-0.86264,-0.68022,-0.60989,-0.60842,-0.60989,-0.59084,-0.62161,-0.60989,-0.44579,-0.25165,-0.11026,0.00696,0.03480,0.00549,-0.06337,-0.24505,-0.47436,-0.59524,-0.62161,-0.61648,-0.57326,-0.53077,-0.53223
-1.41722,-1.09560,-0.86264,-0.68022,-0.60989,-0.60842,-0.60989,-0.59084,-0.62161,-0.60989,-0.44579,-0.25165,-0.11026,0.00696,0.03480,0.00549,-0.06337,-0.24505,-0.47436,-0.59524,-0.62161,-0.61648,-0.57326,-0.53077,-0.53223
-1.41722,-1.09560,-0.86264,-0.68022,-0.60989,-0.60842,-0.60989,-0.59084,-0.62161,-0.60989,-0.44579,-0.25165,-0.11026,0.00696,0.03480,0.00549,-0.06337,-0.24505,-0.47436,-0.59524,-0.62161,-0.61648,-0.57326,-0.53077,-0.53223
-1.41722,-1.09560,-0.86264,-0.68022,-0.60989,-0.60842,-0.60989,-0.59084,-0.62161,-0.60989,-0.44579,-0.25165,-0.11026,0.00696,0.03480,0.00549,-0.06337,-0.24505,-0.47436,-0.59524,-0.62161,-0.61648,-0.57326,-0.53077,-0.53223
-1.41722,-1.09560,-0.86264,-0.68022,-0.60989,-0.60842,-0.60989,-0.59084,-0.62161,-0.60989,-0.44579,-0.25165,-0.11026,0.00696,0.03480,0.00549,-0.06337,-0.24505,-0.47436,-0.59524,-0.62161,-0.61648,-0.57326,-0.53077,-0.53223
-1.41722,-1.09560,-0.86264,-0.68022,-0.60989,-0.60842,-0.60989,-0.59084,-0.62161,-0.60989,-0.44579,-0.25165,-0.11026,0.00696,0.03480,0.00549,-0.06337,-0.24505,-0.47436,-0.59524,-0.62161,-0.61648,-0.57326,-0.53077,-0.53223
-1.41722,-1.09560,-0.86264,-0.68022,-0.60989,-0.60842,-0.60989,-0.59084,-0.62161,-0.60989,-0.44579,-0.25165,-0.11026,0.00696,0.03480,0.00549,-0.06337,-0.24505,-0.47436,-0.59524,-0.62161,-0.61648,-0.57326,-0.53077,-0.53223
-0.59084,-0.60037,-0.62747,-0.61648,-0.58498,-0.60256,-0.61282,-0.62161,-0.62747,-0.57912,-0.59670,-0.59670,-0.59670,-0.59963,-0.61575,-0.59670,-0.60256,-0.60256,-0.61282,-0.41575,-0.18205,-0.02967,-0.01648,-0.21136,-0.54835
-0.59084,-0.60037,-0.62747,-0.61648,-0.58498,-0.60256,-0.61282,-0.62161,-0.62747,-0.57912,-0.59670,-0.59670,-0.59670,-0.59963,-0.61575,-0.59670,-0.60256,-0.60256,-0.61282,-0.41575,-0.18205,-0.02967,-0.01648,-0.21136,-0.54835
-0.59084,-0.60037,-0.62747,-0.61648,-0.58498,-0.60256,-0.61282,-0.62161,-0.62747,-0.57912,-0.59670,-0.59670,-0.59670,-0.59963,-0.61575,-0.59670,-0.60256,-0.60256,-0.61282,-0.41575,-0.18205,-0.02967,-0.01648,-0.21136,-0.54835
-0.59084,-0.60037,-0.62747,-0.61648,-0.58498,-0.60256,-0.61282,-0.62161,-0.62747,-0.57912,-0.59670,-0.59670,-0.59670,-0.59963,-0.61575,-0.59670,-0.60256,-0.60256,-0.61282,-0.41575,-0.18205,-0.02967,-0.01648,-0.21136,-0.54835
-0.59084,-0.60037,-0.62747,-0.61648,-0.58498,-0.60256,-0.61282,-0.62161,-0.62747,-0.57912,-0.59670,-0.59670,-0.59670,-0.59963,-0.61575,-0.59670,-0.60256,-0.60256,-0.61282,-0.41575,-0.18205,-0.02967,-0.01648,-0.21136,-0.54835
-0.59084,-0.60037,-0.62747,-0.61648,-0.58498,-0.60256,-0.61282,-0.62161,-0.62747,-0.57912,-0.59670,-0.59670,-0.59670,-0.59963,-0.61575,-0.59670,-0.60256,-0.60256,-0.61282,-0.41575,-0.18205,-0.02967,-0.01648,-0.21136,-0.54835
-0.59084,-0.60037,-0.62747,-0.61648,-0.58498,-0.60256,-0.61282,-0.62161,-0.62747,-0.57912,-0.59670,-0.59670,-0.59670,-0.59963,-0.61575,-0.59670,-0.60256,-0.60256,-0.61282,-0.41575,-0.18205,-0.02967,-0.01648,-0.21136,-0.54835
-0.59084,-0.60037,-0.62747,-0.61648,-0.58498,-0.60256,-0.61282,-0.62161,-0.62747,-0.57912,-0.59670,-0.59670,-0.59670,-0.59963,-0.61575,-0.59670,-0.60256,-0.60256,-0.61282,-0.41575,-0.18205,-0.02967,-0.01648,-0.21136,-0.54835
-0.59084,-0.60037,-0.62747,-0.61648,-0.58498,-0.60256,-0.61282,-0.62161,-0.62747,-0.57912,-0.59670,-0.59670,-0.59670,-0.59963,-0.61575,-0.59670,-0.60256,-0.60256,-0.61282,-0.41575,-0.18205,-0.02967,-0.01648,-0.21136,-0.54835
-0.59084,-0.60037,-0.62747,-0.61648,-0.58498,-0.60256,-0.61282,-0.62161,-0.62747,-0.57912,-0.59670,-0.59670,-0.59670,-0.59963,-0.61575,-0.59670,-0.60256,-0.60256,-0.61282,-0.41575,-0.18205,-0.02967,-0.01648,-0.21136,-0.54835
-0.59084,-0.60037,-0.62747,-0.61648,-0.58498,-0.60256,-0.61282,-0.62161,-0.62747,-0.57912,-0.59670,-0.59670,-0.59670,-0.59963,-0.61575,-0.59670,-0.60256,-0.60256,-0.61282,-0.41575,-0.18205,-0.02967,-0.01648,-0.21136,-0.54835
-0.59084,-0.60037,-0.62747,-0.61648,-0.58498,-0.60256,-0.61282,-0.62161,-0.62747,-0.57912,-0.59670,-0.59670,-0.59670,-0.59963,-0.61575,-0.59670,-0.60256,-0.60256,-0.61282,-0.41575,-0.18205,-0.02967,-0.01648,-0.21136,-0.54835
-0.59084,-0.60037,-0.62747,-0.61648,-0.58498,-0.60256,-0.61282,-0.62161,-0.62747,-0.57912,-0.59670,-0.59670,-0.59670,-0.59963,-0.61575,-0.59670,-0.60256,-0.60256,-0.61282,-0.41575,-0.18205,-0.02967,-0.01648,-0.21136,-0.54835
-0.59084,-0.60037,-0.62747,-0.61648,-0.58498,-0.60256,-0.61282,-0.62161,-0.62747,-0.57912,-0.59670,-0.59670,-0.59670,-0.59963,-0.61575,-0.59670,-0.60256,-0.60256,-0.61282,-0.41575,-0.18205,-0.02967,-0.01648,-0.21136,-0.54835
-0.59084,-0.60037,-0.62747,-0.61648,-0.58498,-0.60256,-0.61282,-0.62161,-0.62747,-0.57912,-0.59670,-0.59670,-0.59670,-0.59963,-0.61575,-0.59670,-0.60256,-0.60256,-0.61282,-0.41575,-0.18205,-0.02967,-0.01648,-0.21136,-0.54835
-0.62821,-0.62747,-0.57326,-0.59670,-0.62088,-0.91978,0.08755,1.50000,-0.02308,-1.39817,-1.42747,-1.11172,-0.86117,-0.67436,-0.57326,-0.60110,-0.60256,-0.57912,-0.63260,-0.62821,-0.43260,-0.27289,-0.11685,-0.01062,0.02894
-0.62821,-0.62747,-0.57326,-0.59670,-0.62088,-0.91978,0.08755,1.50000,-0.02308,-1.39817,-1.42747,-1.11172,-0.86117,-0.67436,-0.57326,-0.60110,-0.60256,-0.57912,-0.63260,-0.62821,-0.43260,-0.27289,-0.11685,-0.01062,0.02894
-0.62821,-0.62747,-0.57326,-0.59670,-0.62088,-0.91978,0.08755,1.50000,-0.02308,-1.39817,-1.42747,-1.11172,-0.86117,-0.67436,-0.57326,-0.60110,-0.60256,-0.57912,-0.63260,-0.62821,-0.43260,-0.27289,-0.11685,-0.01062,0.02894
-0.62821,-0.62747,-0.57326,-0.59670,-0.62088,-0.91978,0.08755,1.50000,-0.02308,-1.39817,-1.42747,-1.11172,-0.86117,-0.67436,-0.57326,-0.60110,-0.60256,-0.57912,-0.63260,-0.62821,-0.43260,-0.27289,-0.11685,-0.01062,0.02894
-0.62821,-0.62747,-0.57326,-0.59670,-0.62088,-0.91978,0.08755,1.50000,-0.02308,-1.39817,-1.42747,-1.11172,-0.86117,-0.67436,-0.57326,-0.60110,-0.60256,-0.57912,-0.63260,-0.62821,-0.43260,-0.27289,-0.11685,-0.01062,0.02894
-0.62821,-0.62747,-0.57326,-0.59670,-0.62088,-0.91978,0.08755,1.50000,-0.02308,-1.39817,-1.42747,-1.11172,-0.86117,-0.67436,-0.57326,-0.60110,-0.60256,-0.57912,-0.63260,-0.62821,-0.43260,-0.27289,-0.11685,-0.01062,0.02894
-0.62821,-0.62747,-0.57326,-0.59670,-0.62088,-0.91978,0.08755,1.50000,-0.02308,-1.39817,-1.42747,-1.11172,-0.86117,-0.67436,-0.57326,-0.60110,-0.60256,-0.57912,-0.63260,-0.62821,-0.43260,-0.27289,-0.11685,-0.01062,0.02894
-0.62821,-0.62747,-0.57326,-0.59670,-0.62088,-0.91978,0.08755,1.50000,-0.02308,-1.39817,-1.42747,-1.11172,-0.86117,-0.67436,-0.57326,-0.60110,-0.60256,-0.57912,-0.63260,-0.62821,-0.43260,-0.27289,-0.11685,-0.01062,0.02894
-0.62821,-0.62747,-0.57326,-0.59670,-0.62088,-0.91978,0.08755,1.50000,-0.02308,-1.39817,-1.42747,-1.11172,-0.86117,-0.67436,-0.57326,-0.60110,-0.60256,-0.57912,-0.63260,-0.62821,-0.43260,-0.27289,-0.11685,-0.01062,0.02894
-0.62821,-0.62747,-0.57326,-0.59670,-0.62088,-0.91978,0.08755,1.50000,-0.02308,-1.39817,-1.42747,-1.11172,-0.86117,-0.67436,-0.57326,-0.60110,-0.60256,-0.57912,-0.63260,-0.62821,-0.43260,-0.27289,-0.11685,-0.01062,0.02894
-0.62821,-0.62747,-0.57326,-0.59670,-0.62088,-0.91978,0.08755,1.50000,-0.02308,-1.39817,-1.42747,-1.11172,-0.86117,-0.67436,-0.57326,-0.60110,-0.60256,-0.57912,-0.63260,-0.62821,-0.43260,-0.27289,-0.11685,-0.01062,0.02894
-0.62821,-0.62747,-0.57326,-0.59670,-0.62088,-0.91978,0.08755,1.50000,-0.02308,-1.39817,-1.42747,-1.11172,-0.86117,-0.67436,-0.57326,-0.60110,-0.60256,-0.57912,-0.63260,-0.62821,-0.43260,-0.27289,-0.11685,-0.01062,0.02894
-0.62821,-0.62747,-0.57326,-0.59670,-0.62088,-0.91978,0.08755,1.50000,-0.02308,-1.39817,-1.42747,-1.11172,-0.86117,-0.67436,-0.57326,-0.60110,-0.60256,-0.57912,-0.63260,-0.62821,-0.43260,-0.27289,-0.11685,-0.01062,0.02894
-0.62821,-0.62747,-0.57326,-0.59670,-0.62088,-0.91978,0.08755,1.50000,-0.02308,-1.39817,-1.42747,-1.11172,-0.86117,-0.67436,-0.57326,-0.60110,-0.60256,-0.57912,-0.63260,-0.62821,-0.43260,-0.27289,-0.11685,-0.01062,0.02894
-0.62821,-0.62747,-0.57326,-0.59670,-0.62088,-0.91978,0.08755,1.50000,-0.02308,-1.39817,-1.42747,-1.11172,-0.86117,-0.67436,-0.57326,-0.60110,-0.60256,-0.57912,-0.63260,-0.62821,-0.43260,-0.27289,-0.11685,-0.01062,0.02894
0.01722,-0.07656,-0.25092,-0.45604,-0.60989,-0.61136,-0.62821,-0.59084,-0.54396,-0.53223,-0.61429,-0.60549,-0.62747,-0.57912,-0.57985,-0.59524,-0.59524,-0.62747,-0.62747,-0.57912,-0.59524,-0.60989,-0.60330,-0.62747,-0.62747
0.01722,-0.07656,-0.25092,-0.45604,-0.60989,-0.61136,-0.62821,-0.59084,-0.54396,-0.53223,-0.61429,-0.60549,-0.62747,-0.57912,-0.57985,-0.59524,-0.59524,-0.62747,-0.62747,-0.57912,-0.59524,-0.60989,-0.60330,-0.62747,-0.62747
0.01722,-0.07656,-0.25092,-0.45604,-0.60989,-0.61136,-0.62821,-0.59084,-0.54396,-0.53223,-0.61429,-0.60549,-0.62747,-0.57912,-0.57985,-0.59524,-0.59524,-0.62747,-0.62747,-0.57912,-0.59524,-0.60989,-0.60330,-0.62747,-0.62747
0.01722,-0.07656,-0.25092,-0.45604,-0.60989,-0.61136,-0.62821,-0.59084,-0.54396,-0.53223,-0.61429,-0.60549,-0.62747,-0.57912,-0.57985,-0.59524,-0.59524,-0.62747,-0.62747,-0.57912,-0.59524,-0.60989,-0.60330,-0.62747,-0.62747
0.01722,-0.07656,-0.25092,-0.45604,-0.60989,-0.61136,-0.62821,-0.59084,-0.54396,-0.53223,-0.61429,-0.60549,-0.62747,-0.57912,-0.57985,-0.59524,-0.59524,-0.62747,-0.62747,-0.57912,-0.59524,-0.60989,-0.60330,-0.62747,-0.62747
0.01722,-0.07656,-0.25092,-0.45604,-0.60989,-0.61136,-0.62821,-0.59084,-0.54396,-0.53223,-0.61429,-0.60549,-0.62747,-0.57912,-0.57985,-0.59524,-0.59524,-0.62747,-0.62747,-0.57912,-0.59524,-0.60989,-0.60330,-0.62747,-0.62747
0.01722,-0.07656,-0.25092,-0.45604,-0.60989,-0.61136,-0.62821,-0.59084,-0.54396,-0.53223,-0.61429,-0.60549,-0.62747,-0.57912,-0.57985,-0.59524,-0.59524,-0.62747,-0.62747,-0.57912,-0.59524,-0.60989,-0.60330,-0.62747,-0.62747
0.01722,-0.07656,-0.25092,-0.45604,-0.60989,-0.61136,-0.62821,-0.59084,-0.54396,-0.53223,-0.61429,-0.60549,-0.62747,-0.57912,-0.57985,-0.59524,-0.59524,-0.62747,-0.62747,-0.57912,-0.59524,-0.60989,-0.60330,-0.62747,-0.62747
0.01722,-0.07656,-0.25092,-0.45604,-0.60989,-0.61136,-0.62821,-0.59084,-0.54396,-0.53223,-0.61429,-0.60549,-0.62747,-0.57912,-0.57985,-0.59524,-0.59524,-0.62747,-0.62747,-0.57912,-0.59524,-0.60989,-0.60330,-0.62747,-0.62747
0.01722,-0.07656,-0.25092,-0.45604,-0.60989,-0.61136,-0.62821,-0.59084,-0.54396,-0.53223,-0.61429,-0.60549,-0.62747,-0.57912,-0.57985,-0.59524,-0.59524,-0.62747,-0.62747,-0.57912,-0.59524,-0.60989,-0.60330,-0.62747,-0.62747
0.01722,-0.07656,-0.25092,-0.45604,-0.60989,-0.61136,-0.62821,-0.59084,-0.54396,-0.53223,-0.61429,-0.60549,-0.62747,-0.57912,-0.57985,-0.59524,-0.59524,-0.62747,-0.62747,-0.57912,-0.59524,-0.60989,-0.60330,-0.62747,-0.62747
0.01722,-0.07656,-0.25092,-0.45604,-0.60989,-0.61136,-0.62821,-0.59084,-0.54396,-0.53223,-0.61429,-0.60549,-0.62747,-0.57912,-0.57985,-0.59524,-0.59524,-0.62747,-0.62747,-0.57912,-0.59524,-0.60989,-0.60330,-0.62747,-0.62747
0.01722,-0.07656,-0.25092,-0.45604,-0.60989,-0.61136,-0.62821,-0.59084,-0.54396,-0.53223,-0.61429,-0.60549,-0.62747,-0.57912,-0.57985,-0.59524,-0.59524,-0.62747,-0.62747,-0.57912,-0.59524,-0.60989,-0.60330,-0.62747,-0.62747
0.01722,-0.07656,-0.25092,-0.45604,-0.60989,-0.61136,-0.62821,-0.59084,-0.54396,-0.53223,-0.61429,-0.60549,-0.62747,-0.57912,-0.57985,-0.59524,-0.59524,-0.62747,-0.62747,-0.57912,-0.59524,-0.60989,-0.60330,-0.62747,-0.62747
0.01722,-0.07656,-0.25092,-0.45604,-0.60989,-0.61136,-0.62821,-0.59084,-0.54396,-0.53223,-0.61429,-0.60549,-0.62747,-0.57912,-0.57985,-0.59524,-0.59524,-0.62747,-0.62747,-0.57912,-0.59524,-0.60989,-0.60330,-0.62747,-0.62747
-0.59670,-0.60256,-0.60916,-0.61282,-0.43626,-0.20549,-0.00549,0.00696,-0.19304,-0.55421,-0.57985,-0.62747,-0.57326,-0.57912,-0.61868,-0.90806,0.09194,1.50000,-0.00476,-1.39231,-1.41575,-1.11172,-0.86777,-0.67436,-0.59158
-0.59670,-0.60256,-0.60916,-0.61282,-0.43626,-0.20549,-0.00549,0.00696,-0.19304,-0.55421,-0.57985,-0.62747,-0.57326,-0.57912,-0.61868,-0.90806,0.09194,1.50000,-0.00476,-1.39231,-1.41575,-1.11172,-0.86777,-0.67436,-0.59158
-0.59670,-0.60256,-0.60916,-0.61282,-0.43626,-0.20549,-0.00549,0.00696,-0.19304,-0.55421,-0.57985,-0.62747,-0.57326,-0.57912,-0.61868,-0.90806,0.09194,1.50000,-0.00476,-1.39231,-1.41575,-1.11172,-0.86777,-0.67436,-0.59158
-0.59670,-0.60256,-0.60916,-0.61282,-0.43626,-0.20549,-0.00549,0.00696,-0.19304,-0.55421,-0.57985,-0.62747,-0.57326,-0.57912,-0.61868,-0.90806,0.09194,1.50000,-0.00476,-1.39231,-1.41575,-1.11172,-0.86777,-0.67436,-0.59158
-0.59670,-0.60256,-0.60916,-0.61282,-0.43626,-0.20549,-0.00549,0.00696,-0.19304,-0.55421,-0.57985,-0.62747,-0.57326,-0.57912,-0.61868,-0.90806,0.09194,1.50000,-0.00476,-1.39231,-1.41575,-1.11172,-0.86777,-0.67436,-0.59158
-0.59670,-0.60256,-0.60916,-0.61282,-0.43626,-0.20549,-0.00549,0.00696,-0.19304,-0.55421,-0.57985,-0.62747,-0.57326,-0.57912,-0.61868,-0.90806,0.09194,1.50000,-0.00476,-1.39231,-1.41575,-1.11172,-0.86777,-0.67436,-0.59158
-0.59670,-0.60256,-0.60916,-0.61282,-0.43626,-0.20549,-0.00549,0.00696,-0.19304,-0.55421,-0.57985,-0.62747,-0.57326,-0.57912,-0.61868,-0.90806,0.09194,1.50000,-0.00476,-1.39231,-1.41575,-1.11172,-0.86777,-0.67436,-0.59158
-0.59670,-0.60256,-0.60916,-0.61282,-0.43626,-0.20549,-0.00549,0.00696,-0.19304,-0.55421,-0.57985,-0.62747,-0.57326,-0.57912,-0.61868,-0.90806,0.09194,1.50000,-0.00476,-1.39231,-1.41575,-1.11172,-0.86777,-0.67436,-0.59158
-0.59670,-0.60256,-0.60916,-0.61282,-0.43626,-0.20549,-0.00549,0.00696,-0.19304,-0.55421,-0.57985,-0.62747,-0.57326,-0.57912,-0.61868,-0.90806,0.09194,1.50000,-0.00476,-1.39231,-1.41575,-1.11172,-0.86777,-0.67436,-0.59158
-0.59670,-0.60256,-0.60916,-0.61282,-0.43626,-0.20549,-0.00549,0.00696,-0.19304,-0.55421,-0.57985,-0.62747,-0.57326,-0.57912,-0.61868,-0.90806,0.09194,1.50000,-0.00476,-1.39231,-1.41575,-1.11172,-0.86777,-0.67436,-0.59158
-0.59670,-0.60256,-0.60916,-0.61282,-0.43626,-0.20549,-0.00549,0.00696,-0.19304,-0.55421,-0.57985,-0.62747,-0.57326,-0.57912,-0.61868,-0.90806,0.09194,1.50000,-0.00476,-1.39231,-1.41575,-1.11172,-0.86777,-0.67436,-0.59158
-0.59670,-0.60256,-0.60916,-0.61282,-0.43626,-0.20549,-0.00549,0.00696,-0.19304,-0.55421,-0.57985,-0.62747,-0.57326,-0.57912,-0.61868,-0.90806,0.09194,1.50000,-0.00476,-1.39231,-1.41575,-1.11172,-0.86777,-0.67436,-0.59158
-0.59670,-0.60256,-0.60916,-0.61282,-0.43626,-0.20549,-0.00549,0.00696,-0.19304,-0.55421,-0.57985,-0.62747,-0.57326,-0.57912,-0.61868,-0.90806,0.09194,1.50000,-0.00476,-1.39231,-1.41575,-1.11172,-0.86777,-0.67436,-0.59158
-0.59670,-0.60256,-0.60916,-0.61282,-0.43626,-0.20549,-0.00549,0.00696,-0.19304,-0.55421,-0.57985,-0.62747,-0.57326,-0.57912,-0.61868,-0.90806,0.09194,1.50000,-0.00476,-1.39231,-1.41575,-1.11172,-0.86777,-0.67436,-0.59158
-0.59670,-0.60256,-0.60916,-0.61282,-0.43626,-0.20549,-0.00549,0.00696,-0.19304,-0.55421,-0.57985,-0.62747,-0.57326,-0.57912,-0.61868,-0.90806,0.09194,1.50000,-0.00476,-1.39231,-1.41575,-1.11172,-0.86777,-0.67436,-0.59158
-0.59670,-0.60256,-0.60916,-0.61282,-0.43626,-0.20549,-0.00549,0.00696,-0.19304,-0.55421,-0.57985,-0.62747,-0.57326,-0.57912,-0.61868,-0.90806,0.09194,1.50000,-0.00476,-1.39231,-1.41575,-1.11172,-0.86777,-0.67436,-0.59158
-0.59670,-0.60696,-0.61429,-0.62821,-0.62747,-0.41502,-0.26923,-0.11026,0.00256,0.03480,0.01722,-0.05165,-0.22747,-0.45018,-0.59670,-0.63919,-0.61575,-0.58498,-0.53810,-0.52491,-0.60256,-0.61722,-0.61575,-0.60403,-0.59158
-0.59670,-0.60696,-0.61429,-0.62821,-0.62747,-0.41502,-0.26923,-0.11026,0.00256,0.03480,0.01722,-0.05165,-0.22747,-0.45018,-0.59670,-0.63919,-0.61575,-0.58498,-0.53810,-0.52491,-0.60256,-0.61722,-0.61575,-0.60403,-0.59158
-0.59670,-0.60696,-0.61429,-0.62821,-0.62747,-0.41502,-0.26923,-0.11026,0.00256,0.03480,0.01722,-0.05165,-0.22747,-0.45018,-0.59670,-0.63919,-0.61575,-0.58498,-0.53810,-0.52491,-0.60256,-0.61722,-0.61575,-0.60403,-0.59158
-0.59670,-0.60696,-0.61429,-0.62821,-0.62747,-0.41502,-0.26923,-0.11026,0.00256,0.03480,0.01722,-0.05165,-0.22747,-0.45018,-0.59670,-0.63919,-0.61575,-0.58498,-0.53810,-0.52491,-0.60256,-0.61722,-0.61575,-0.60403,-0.59158
-0.59670,-0.60696,-0.61429,-0.62821,-0.62747,-0.41502,-0.26923,-0.11026,0.00256,0.03480,0.01722,-0.05165,-0.22747,-0.45018,-0.59670,-0.63919,-0.61575,-0.58498,-0.53810,-0.52491,-0.60256,-0.61722,-0.61575,-0.60403,-0.59158
-0.59670,-0.60696,-0.61429,-0.62821,-0.62747,-0.41502,-0.26923,-0.11026,0.00256,0.03480,0.01722,-0.05165,-0.22747,-0.45018,-0.59670,-0.63919,-0.61575,-0.58498,-0.53810,-0.52491,-0.60256,-0.61722,-0.61575,-0.60403,-0.59158
-0.59670,-0.60696,-0.61429,-0.62821,-0.62747,-0.41502,-0.26923,-0.11026,0.00256,0.03480,0.01722,-0.05165,-0.22747,-0.45018,-0.59670,-0.63919,-0.61575,-0.58498,-0.53810,-0.52491,-0.60256,-0.61722,-0.61575,-0.60403,-0.59158
-0.59670,-0.60696,-0.61429,-0.62821,-0.62747,-0.41502,-0.26923,-0.11026,0.00256,0.03480,0.01722,-0.05165,-0.22747,-0.45018,-0.59670,-0.63919,-0.61575,-0.58498,-0.53810,-0.52491,-0.60256,-0.61722,-0.61575,-0.60403,-0.59158
-0.59670,-0.60696,-0.61429,-0.62821,-0.62747,-0.41502,-0.26923,-0.11026,0.00256,0.03480,0.01722,-0.05165,-0.22747,-0.45018,-0.59670,-0.63919,-0.61575,-0.58498,-0.53810,-0.52491,-0.60256,-0.61722,-0.61575,-0.60403,-0.59158
-0.59670,-0.60696,-0.61429,-0.62821,-0.62747,-0.41502,-0.26923,-0.11026,0.00256,0.03480,0.01722,-0.05165,-0.22747,-0.45018,-0.59670,-0.63919,-0.61575,-0.58498,-0.53810,-0.52491,-0.60256,-0.61722,-0.61575,-0.60403,-0.59158
-0.59670,-0.60696,-0.61429,-0.62821,-0.62747,-0.41502,-0.26923,-0.11026,0.00256,0.03480,0.01722,-0.05165,-0.22747,-0.45018,-0.59670,-0.63919,-0.61575,-0.58498,-0.53810,-0.52491,-0.60256,-0.61722,-0.61575,-0.60403,-0.59158
-0.59670,-0.60696,-0.61429,-0.62821,-0.62747,-0.41502,-0.26923,-0.11026,0.00256,0.03480,0.01722,-0.05165,-0.22747,-0.45018,-0.59670,-0.63919,-0.61575,-0.58498,-0.53810,-0.52491,-0.60256,-0.61722,-0.61575,-0.60403,-0.59158
-0.59670,-0.60696,-0.61429,-0.62821,-0.62747,-0.41502,-0.26923,-0.11026,0.00256,0.03480,0.01722,-0.05165,-0.22747,-0.45018,-0.59670,-0.63919,-0.61575,-0.58498,-0.53810,-0.52491,-0.60256,-0.61722,-0.61575,-0.60403,-0.59158
-0.59670,-0.60696,-0.61429,-0.62821,-0.62747,-0.41502,-0.26923,-0.11026,0.00256,0.03480,0.01722,-0.05165,-0.22747,-0.45018,-0.59670,-0.63919,-0.61575,-0.58498,-0.53810,-0.52491,-0.60256,-0.61722,-0.61575,-0.60403,-0.59158
-0.59670,-0.60696,-0.61429,-0.62821,-0.62747,-0.41502,-0.26923,-0.11026,0.00256,0.03480,0.01722,-0.05165,-0.22747,-0.45018,-0.59670,-0.63919,-0.61575,-0.58498,-0.53810,-0.52491,-0.60256,-0.61722,-0.61575,-0.60403,-0.59158
-0.59670,-0.60696,-0.61429,-0.62821,-0.62747,-0.41502,-0.26923,-0.11026,0.00256,0.03480,0.01722,-0.05165,-0.22747,-0.45018,-0.59670,-0.63919,-0.61575,-0.58498,-0.53810,-0.52491,-0.60256,-0.61722,-0.61575,-0.60403,-0.59158
-0.59670,-0.60696,-0.61429,-0.62821,-0.62747,-0.41502,-0.26923,-0.11026,0.00256,0.03480,0.01722,-0.05165,-0.22747,-0.45018,-0.59670,-0.63919,-0.61575,-0.58498,-0.53810,-0.52491,-0.60256,-0.61722,-0.61575,-0.60403,-0.59158
-0.61502,-0.61282,-0.62747,-0.61575,-0.60916,-0.59670,-0.60989,-0.60256,-0.62747,-0.62747,-0.57326,-0.58571,-0.60110,-0.60330,-0.41868,-0.18791,-0.01722,0.00623,-0.18791,-0.54249,-0.61648,-0.60989,-0.59158,-0.59670,-0.59744
-0.61502,-0.61282,-0.62747,-0.61575,-0.60916,-0.59670,-0.60989,-0.60256,-0.62747,-0.62747,-0.57326,-0.58571,-0.60110,-0.60330,-0.41868,-0.18791,-0.01722,0.00623,-0.18791,-0.54249,-0.61648,-0.60989,-0.59158,-0.59670,-0.59744
-0.61502,-0.61282,-0.62747,-0.61575,-0.60916,-0.59670,-0.60989,-0.60256,-0.62747,-0.62747,-0.57326,-0.58571,-0.60110,-0.60330,-0.41868,-0.18791,-0.01722,0.00623,-0.18791,-0.54249,-0.61648,-0.60989,-0.59158,-0.59670,-0.59744
-0.61502,-0.61282,-0.62747,-0.61575,-0.60916,-0.59670,-0.60989,-0.60256,-0.62747,-0.62747,-0.57326,-0.58571,-0.60110,-0.60330,-0.41868,-0.18791,-0.01722,0.00623,-0.18791,-0.54249,-0.61648,-0.60989,-0.59158,-0.59670,-0.59744
-0.61502,-0.61282,-0.62747,-0.61575,-0.60916,-0.59670,-0.60989,-0.60256,-0.62747,-0.62747,-0.57326,-0.58571,-0.60110,-0.60330,-0.41868,-0.18791,-0.01722,0.00623,-0.18791,-0.54249,-0.61648,-0.60989,-0.59158,-0.59670,-0.59744
-0.61502,-0.61282,-0.62747,-0.61575,-0.60916,-0.59670,-0.60989,-0.60256,-0.62747,-0.62747,-0.57326,-0.58571,-0.60110,-0.60330,-0.41868,-0.18791,-0.01722,0.00623,-0.18791,-0.54249,-0.61648,-0.60989,-0.59158,-0.59670,-0.59744
-0.61502,-0.61282,-0.62747,-0.61575,-0.60916,-0.59670,-0.60989,-0.60256,-0.62747,-0.62747,-0.57326,-0.58571,-0.60110,-0.60330,-0.41868,-0.18791,-0.01722,0.00623,-0.18791,-0.54249,-0.61648,-0.60989,-0.59158,-0.59670,-0.59744
-0.61502,-0.61282,-0.62747,-0.61575,-0.60916,-0.59670,-0.60989,-0.60256,-0.62747,-0.62747,-0.57326,-0.58571,-0.60110,-0.60330,-0.41868,-0.18791,-0.01722,0.00623,-0.18791,-0.54249,-0.61648,-0.60989,-0.59158,-0.59670,-0.59744
